INSAT-4B                
1 30793U 07007A   20173.87923635 -.00000178  00000-0  00000-0 0  9999
2 30793   0.4532  97.7086 0000814 211.5164   3.2896  1.00270109 20288
INSAT-4CR               
1 32050U 07037A   20173.91034755  .00000134  00000-0  00000-0 0  9992
2 32050   1.3476  93.3028 0003733 184.2916   8.5579  1.00274643 29467
GSAT-6                  
1 40880U 15041A   20173.88350025 -.00000150  00000-0  00000-0 0  9992
2 40880   0.0053 334.0215 0001927 250.0052  87.0487  1.00270496 17721
GSAT-7                  
1 39234U 13044B   20173.87696821 -.00000067  00000-0  00000-0 0  9997
2 39234   0.0536 105.2674 0005478 161.6643  33.3152  1.00271521 23408
GSAT-8                  
1 37605U 11022A   20173.86716147  .00000095  00000-0  00000-0 0  9994
2 37605   0.0348 281.6473 0002648  31.2834 324.8038  1.00272957 31296
GSAT-9                  
1 42695U 17024A   20173.88159171 -.00000276  00000-0  00000-0 0  9999
2 42695   0.0439 104.3753 0002462 340.7210 240.1127  1.00269512 11395
GSAT-10                 
1 38779U 12051B   20173.87871293 -.00000155  00000-0  00000-0 0  9993
2 38779   0.0280 104.1704 0001661 296.2307 269.4877  1.00271654 28195
GSAT-12                 
1 37746U 11034A   20173.87871293 -.00000155  00000-0  00000-0 0  9996
2 37746   0.0836 279.0011 0010797 173.4684 217.3995  1.00272426 21578
GSAT-14                 
1 39498U 14001A   20173.87696821 -.00000067  00000-0  00000-0 0  9993
2 39498   0.0185 326.9721 0001727 296.1135  37.1546  1.00271483 23493
GSAT-15                 
1 41028U 15065A   20173.88080660 -.00000248  00000-0  00000-0 0  9996
2 41028   0.0584 111.3715 0003564 333.9715 235.7849  1.00271217 16895
GSAT-16                 
1 40332U 14078A   20173.87312983  .00000095  00000-0  00000-0 0  9990
2 40332   0.0622 277.3383 0007467 169.9618 192.6212  1.00272842 20204
GSAT-17                 
1 42815U 17040B   20173.88080660 -.00000248  00000-0  00000-0 0  9996
2 42815   0.0343 109.0493 0001524 186.0292  26.0478  1.00271173 10862
GSAT-18                 
1 41793U 16060A   20173.87696821 -.00000067  00000-0  00000-0 0  9991
2 41793   0.0229  91.3066 0002592  13.8764 195.0355  1.00271840 13613
GSAT-19                 
1 42747U 17031A   20173.91034755  .00000135  00000-0  00000-0 0  9992
2 42747   0.0290  91.9193 0007638 359.3572 194.8794  1.00270859 11216
GSAT-29                 
1 43698U 18089A   20173.94200782  .00000095  00000-0  00000-0 0  9995
2 43698   0.0870 104.2176 0002337 332.6705 227.8639  1.00271269  5863
GSAT-11                 
1 43824U 18100B   20173.87696821 -.00000067  00000-0  00000-0 0  9995
2 43824   0.0426 263.6316 0007470 193.1964 203.4007  1.00271932  5593
GSAT-7A                 
1 43864U 18105A   20173.87470007  .00000037  00000-0  00000-0 0  9996
2 43864   0.0188  59.9092 0002201  23.6320 204.6319  1.00271126  5559
GSAT-31                 
1 44035U 19007B   20173.89285713  .00000135  00000-0  00000-0 0  9998
2 44035   0.0646 112.7591 0000511 267.1922 259.8760  1.00270658  5052
GSAT-30                 
1 45026U 20005A   20173.87871293 -.00000155  00000-0  00000-0 0  9994
2 45026   0.0139 297.8561 0005698 137.3665 234.6392  1.00272496  1594
IRS-P6 (RESOURCESAT-1)  
1 28051U 03046A   20173.89066612 -.00000042  00000-0  29592-6 0  9990
2 28051  98.4832 250.4252 0058544  15.0137 345.2764 14.34168480867028
RESOURCESAT-2           
1 37387U 11015A   20173.85898867 -.00000128  00000-0 -38692-4 0  9993
2 37387  98.6784 248.6200 0004467  24.5168 335.6212 14.21644361476068
RESOURCESAT-2A          
1 41877U 16074A   20173.94834772 -.00000014  00000-0  13768-4 0  9997
2 41877  98.7962 243.8938 0001030  88.9169 271.2137 14.21592458183682
IRS-P5 (CARTOSAT-1)     
1 28649U 05017A   20173.75469568  .00000004  00000-0  67796-5 0  9999
2 28649  97.8123 242.5560 0002829  81.9994 278.1541 14.83700580819154
CARTOSAT-2 (IRS-P7)     
1 29710U 07001B   20173.93250426 -.00000385  00000-0 -18561-4 0  9994
2 29710  97.9132 234.8423 0114653  49.7915 311.3243 15.05278854725964
CARTOSAT-2A             
1 32783U 08021A   20173.93858433  .00000089  00000-0  19224-4 0  9999
2 32783  97.9226 233.8119 0012736   1.0797 359.0447 14.78682589655804
CARTOSAT-2B             
1 36795U 10035A   20173.83958386  .00000015  00000-0  90876-5 0  9993
2 36795  97.9194 233.2341 0015477  70.8322 289.4552 14.78682033536837
CARTOSAT-2C             
1 41599U 16040A   20173.93464323  .00000135  00000-0  96331-5 0  9992
2 41599  97.4490 233.3604 0013483 188.4920 344.4766 15.19236676221774
CARTOSAT-2D             
1 41948U 17008A   20173.86740402 -.00000038  00000-0  14482-5 0  9992
2 41948  97.4908 232.2720 0007564 352.8138   7.2404 15.19201007185631
CARTOSAT-2E             
1 42767U 17036C   20173.95022036  .00000287  00000-0  16805-4 0  9994
2 42767  97.4212 232.5696 0010239  32.7678 327.4191 15.19247613166216
CARTOSAT-2F             
1 43111U 18004A   20173.95122094  .00000287  00000-0  16771-4 0  9991
2 43111  97.3850 233.5288 0005857  55.0737 117.8904 15.19265018135396
CARTOSAT-3              
1 44804U 19081A   20173.82407794 -.00000021  00000-0  22992-5 0  9996
2 44804  97.4949 234.5287 0012134 225.7317 268.8552 15.19204341 31463
RISAT 2                 
1 34807U 09019A   20173.77486084  .00001541  00000-0  43627-4 0  9995
2 34807  41.2143 277.6882 0006474  18.3314 117.3208 15.40278821627500
RISAT-1                 
1 38248U 12017A   20173.75522289  .00000199  00000-0  16125-4 0  9997
2 38248  97.5650 182.9306 0003163 211.8622 148.2416 15.10094343449286
RISAT-2B                
1 44233U 19028A   20173.78278039  .00000082  00000-0  13112-4 0  9995
2 44233  37.0024 313.0080 0007119 330.5245  29.5099 14.99015836 59687
RISAT-2BR1              
1 44857U 19089F   20173.85752568  .00000126  00000-0  17082-4 0  9995
2 44857  36.9633  74.5760 0005122  41.8544 318.2588 14.97756861 28992
OCEANSAT-2              
1 35931U 09051A   20173.85980433  .00000038  00000-0  20754-4 0  9992
2 35931  98.2980 268.9319 0002686  60.9337 299.2126 14.50862017569057
MEGHA-TROPIQUES         
1 37838U 11058A   20173.81990546  .00000225  00000-0 -21715-4 0  9999
2 37838  19.9783 345.5554 0009360 250.3665 109.5729 14.09686375381356
SARAL                   
1 39086U 13009A   20173.92852435 -.00000021  00000-0  84970-5 0  9997
2 39086  98.5434 359.4258 0000589 136.9385 223.1845 14.32028202382646
SCATSAT 1               
1 41790U 16059H   20173.81077555 -.00000005  00000-0  96260-5 0  9997
2 41790  98.1602 213.9685 0004444 272.5921  87.4758 14.50920489197858
INSAT-3D                
1 39216U 13038B   20173.88350025 -.00000147  00000-0  00000-0 0  9993
2 39216   0.0923 280.1279 0001388 179.5124 211.0744  1.00272883 25181
INSAT-3DR               
1 41752U 16054A   20173.87696821 -.00000067  00000-0  00000-0 0  9999
2 41752   0.0897  98.7138 0010512 171.1213  30.4072  1.00272113 13889
IRNSS-1A                
1 39199U 13034A   20173.87312983  .00000080  00000-0  00000-0 0  9994
2 39199  30.8693  96.7060 0016922 184.6481 358.5599  1.00269006 25445
IRNSS-1B                
1 39635U 14017A   20151.76676866  .00000070  00000-0  00000-0 0  9997
2 39635  28.6090 277.4938 0022126 180.4693 122.0403  1.00279784 22652
IRNSS-1C                
1 40269U 14061A   20173.87880017 -.00000148  00000-0  00000-0 0  9999
2 40269   1.8999 176.0543 0018943  11.4602 122.3165  1.00266774 20762
IRNSS-1D                
1 40547U 15018A   20173.71299547 -.00000278  00000-0  00000-0 0  9990
2 40547  29.2526 277.2115 0021449 182.5817 178.9620  1.00276060 19077
IRNSS-1E                
1 41241U 16003A   20173.71299547 -.00000301  00000-0  00000+0 0  9993
2 41241  29.2194  96.1820 0019418 183.9974 358.6117  1.00269208 16276
IRNSS-1F                
1 41384U 16015A   20173.84146505  .00000172  00000-0  00000-0 0  9999
2 41384   2.1668 217.9119 0021552 193.6998 194.3173  1.00267473 15773
IRNSS-1G                
1 41469U 16027A   20173.88795994 -.00000323  00000-0  00000-0 0  9991
2 41469   2.1851 220.9790 0006069 240.8606 257.8202  1.00267932 15270
IRNSS-1I                
1 43286U 18035A   20171.90448515  .00000101  00000-0  00000+0 0  9998
2 43286  29.1603 109.3953 0018788 185.9898 353.7612  1.00272573  8121
ASTROSAT                
1 40930U 15052A   20173.35283586  .00000695  00000-0  85440-5 0  9998
2 40930   5.9977 314.5250 0008960 320.5228  39.4247 14.76317504255795
INS-1A                  
1 41949U 17008B   20173.86691167  .00000842  00000-0  36850-4 0  9990
2 41949  97.3545 238.1480 0007516 287.1588  72.8827 15.24756697186096
INS-1B                  
1 41954U 17008G   20173.74347615  .00000805  00000-0  35300-4 0  9997
2 41954  97.3539 238.0673 0007332 289.6920  70.3527 15.24792786186023
INS-1C                  
1 43116U 18004F   20173.89271038  .00000739  00000-0  33573-4 0  9993
2 43116  97.4520 245.2432 0010377  38.9709 321.2274 15.23883980135715
